
A=[5 2; 0 1; 1 9];
B=[2 3; 4 1; 0 2];

toplam=A+B;

C=[3 4 9; 6 8 6; 7 3 4];
D=[1 6 7; 6 4 2; 4 1 5];

fark=C-D;

E=[4 8; 3 7];
F=[1 0; 5 2];

toplam2=E+F;

G=[4 16; 10 22];
H=[1 15; 6 3];

fark2=G-H;
